0003 3 
0000 52 
0000 12 
0001 36 
0007 37 
0002 54 
0003 59 
0000 53 
0003 54 
0006 4 
0001 29 
0002 20 
0006 0 
0006 18 
0004 5 
0004 6 
0001 46 
0005 25 
0005 41 
0004 42 
0007 47 
0001 45 
0001 1 
0002 21 
0009 0 
0006 61 
0004 7 
0009 18 
0002 48 
0007 40 
0004 44 
0006 52 
0000 1 
0000 3 
0001 13 
0005 41 
0002 50 
0002 39 
0003 35 
0004 38 
0009 16 
0004 54 
0001 39 
0007 61 
0003 38 
0009 12 
0001 5 
0003 30 
0008 61 
0004 37 
0002 41 
0006 46 
0003 36 
0007 5 
0005 54 
0001 48 
0004 51 
0000 41 
0001 49 
0002 32 
0003 1 
0003 4 
0000 30 
0005 39 
0004 3 
0006 63 
0001 28 
0001 44 
0007 26 
0000 26 
0000 12 
0000 40 
0003 33 
0000 26 
0004 53 
0006 18 
0002 26 
0005 0 
0005 38 
0003 22 
0008 18 
0003 51 
0006 3 
0000 54 
0006 26 
0004 17 
0000 36 
0007 37 
0009 25 
0008 47 
0003 58 
0001 30 
0000 32 
0002 58 
0004 39 
0001 50 
0003 44 
0008 39 
0002 37 
0006 37 
0000 37 
0004 40 
0000 64 
0006 44 
0002 4 
0003 6 
0002 31 
0000 49 
0004 18 
0001 10 
0004 47 
0002 47 
0006 17 
0008 35 
0007 44 
0001 56 
0008 56 
0000 22 
0001 0 
0003 27 
0007 38 
0008 46 
0000 44 
0002 0 
0000 29 
0005 54 
0001 57 
0002 28 
0004 12 
0002 19 
0001 58 
0005 52 
0003 52 
0005 59 
0000 54 
0000 61 
0000 6 
0002 11 
0002 16 
0000 54 
0006 48 
0008 16 
0005 44 
0006 37 
0004 21 
0006 30 
0003 12 
0005 58 
0004 61 
0001 42 
0001 18 
0001 8 
0001 5 
0000 23 
0008 0 
0001 26 
0000 58 
0003 42 
0007 44 
0007 58 
0000 4 
0001 7 
0004 44 
0001 52 
0001 17 
0006 41 
0002 9 
0007 59 
0009 58 
0008 36 
0005 21 
0002 42 
0000 19 
0006 40 
0002 35 
0006 25 
0003 47 
0005 40 
0001 17 
0004 1 
0004 55 
0002 51 
0000 28 
0003 54 
0004 46 
0006 15 
0003 57 
0002 59 
0003 37 
0002 34 
0009 36 
0007 47 
0003 59 
0007 37 
0001 51 
0007 8 
0000 10 
0003 10 
0004 35 
0005 7 
0005 46 
0004 53 
0002 52 
0000 25 
0009 54 
0005 63 
0001 29 
0002 54 
0003 38 
0000 53 
0007 18 
0000 26 
0001 43 
0008 58 
0000 44 
0000 18 
0002 1 
0004 36 
0002 4 
0005 18 
0001 3 
0003 44 
0002 38 
0008 3 
0006 38 
0001 6 
0002 17 
0003 55 
0004 3 
0003 53 
0000 40 
0000 2 
0008 40 
0001 23 
0005 0 
0000 51 
0004 61 
0008 16 
0001 12 
0005 5 
0000 24 
0002 36 
0001 39 
0000 22 
0005 4 
0001 25 
0004 58 
0001 18 
0004 22 
0005 51 
0002 33 
0001 48 
0000 20 
0005 1 
0002 4 
0000 37 
0003 18 
0002 3 
0004 63 
0007 8 
0005 35 
0002 12 
0002 40 
0001 54 
0009 37 
0003 37 
0000 36 
0009 59 
0002 64 
0009 40 
0003 45 
0001 38 
0003 52 
0004 11 
0003 7 
0005 63 
0002 26 
0006 54 
0007 12 
0005 6 
0005 12 
0006 35 
0000 59 
0003 51 
0003 40 
0001 47 
0000 9 
0005 3 
0004 16 
0005 16 
0005 1 
0007 36 
0003 1 
0000 7 
0009 53 
0008 37 
0002 63 
0003 28 
0000 48 
0005 53 
0002 48 
0001 41 
0005 18 
0002 18 
0003 31 
0009 12 
0006 8 
0000 31 
0003 32 
0009 52 
0003 48 
0002 26 
0002 0 
0003 25 
0002 10 
0001 54 
0001 53 
0003 2 
0003 55 
0008 25 
0002 29 
0009 46 
0000 35 
0002 40 
0005 61 
0001 27 
0003 37 
0008 0 
0003 37 
0001 15 
0003 17 
0001 36 
0002 6 
0002 23 
0001 16 
0000 47 
0004 52 
0004 28 
0000 17 
0003 0 
0001 14 
0003 63 
0002 15 
0002 25 
0000 16 
0001 26 
0003 41 
0008 32 
0004 51 
0003 39 
0002 4 
0001 21 
0001 48 
0005 39 
0003 1 
0003 20 
0001 15 
0003 12 
0002 42 
0003 50 
0000 4 
0000 57 
0009 13 
0003 16 
0002 43 
0005 5 
0009 56 
0002 52 
0008 4 
0002 15 
0004 48 
0001 37 
0001 18 
0001 40 
0007 55 
0008 56 
0004 8 
0001 39 
0002 5 
0001 1 
0006 61 
0006 21 
0003 38 
0000 5 
0004 25 
0004 59 
0007 42 
0003 15 
0002 46 
0000 0 
0006 18 
0003 24 
0007 58 
0002 28 
0001 64 
0002 25 
0005 24 
0002 29 
0000 52 
0000 2 
0000 1 
0009 44 
0004 26 
0000 22 
0004 49 
0003 40 
0008 44 
0000 43 
0007 42 
0003 9 
0009 37 
0000 42 
0001 14 
0002 36 
0007 53 
0007 61 
0003 23 
0000 34 
0004 52 
0001 9 
0004 15 
0002 29 
0006 51 
0006 16 
0007 14 
0002 3 
0003 39 
0003 52 
0001 14 
0002 47 
0004 4 
0000 21 
0003 29 
0005 16 
0001 4 
0000 17 
0001 25 
0006 41 
